1.281790447718993697e-01
1.730329705041355173e-04
2.612903449721727764e-05
6.708573220241096529e-05
2.106269633132338680e-04
2.095280563223029559e-03
5.713662467116051562e-04
5.632618557640761500e-08
5.846789005895325700e-04
4.071076358980067810e-06
1.088344824994675263e-04
2.956074864000876102e-04
1.865701156686698330e-03
3.465709091511783697e-04
4.745645217955197309e-06
8.443713736876409803e-02
2.062568905538174626e-05
1.440131204497697176e-05
2.059411187716625805e-03
1.491178812811869878e-06
6.710736270769347994e-07
8.814905379267757874e-04
4.810021455228917649e-04
1.148616444180557486e-02
1.375194735515742736e-07
4.257626933520050391e-08
2.327301944585770038e-05
1.687084651249276882e-02
1.588168293150226591e-05
9.293968445282841939e-01
4.153793253231932193e-03
2.775279656762570790e-05
8.699745493524483298e-07
1.302896106166709540e-05
5.475342245970946098e-03
1.128482116747228734e-03
3.175166961004221439e-02
4.273453254516683120e-01
4.499070118857957879e-05
1.109571081556919711e-05
1.033006784251782380e-03
2.454893405269038351e-05
2.001489071208704765e-06
3.162526498616862348e-03
5.543349081572157111e-05
3.758860894030671262e-03
2.476071390614990047e-06
2.763446222303565285e-08
1.707542309829026303e-04
9.586692453822116544e-01
1.278697507447337485e-03
2.770414060969323550e-02
8.715175353477884834e-06
1.432765133989873357e-03
1.463497134381964472e-02
6.638177718202801381e-07
5.382235583472523305e-04
7.209178812562016484e-04
1.165758891927645919e-03
1.118622844304142195e-04
3.364076475176185641e-04
2.556504283979326339e-05
5.791755330700706791e-08
9.974932840596324457e-01
9.707014854388180680e-01
8.011083171513402323e-01
7.794135454138815255e-01
9.928057822494804618e-01
9.444874348111130802e-01
9.995908810420454094e-01
9.999631376270291527e-01
9.987749352587604879e-01
9.971652446139082082e-01
9.813011651310299399e-01
9.957061886010749596e-01
7.462519073531628244e-01
9.829929664556198432e-01
9.795225681509681648e-01
9.985511111455899202e-01
5.075719246785235228e-01
9.927683542112075710e-01
9.999650154549365455e-01
9.986701707507671388e-01
9.926940477121410922e-01
9.611382901985432436e-01
6.592928422276754796e-01
9.889539704796005415e-01
9.964422671804618048e-01
9.998439131459473384e-01
9.838019984860824074e-01
8.025412949363408543e-01
9.928206247826503184e-01
9.573669940641094112e-01
9.957427205280513505e-01
9.520980797717742972e-01
9.998326020358694333e-01
9.986974139498500103e-01
9.244086540570373156e-01
9.997096760757434586e-01
9.994198848257833667e-01
9.998632361904762345e-01
9.852319805569355049e-01
9.798729619147410475e-01
9.993513508044449267e-01
6.811521844103733958e-01
9.873408940785931565e-01
9.744777956751502490e-01
9.985497095748907537e-01
9.292583728353530637e-01
9.193240014533882176e-01
9.994129225282882834e-01
8.711009209573395973e-01
9.923571464563624156e-01
9.113025651689051765e-01
5.308159706266550870e-01
9.942861737624902885e-01
9.992061911029770371e-01
9.047755763812583840e-01
9.992966535090049840e-01
9.876635951645106326e-01
9.661581536277847881e-01
9.902772862307854806e-01
9.085745193893359772e-01
9.990389484479194060e-01
9.997886070957077154e-01
2.250424786915958264e-01
