2.333583770332442811e-02
1.359311073877679001e-02
6.624146226558888864e-03
1.436882029907264949e-02
5.353508769689772906e-02
2.834370159803492606e-02
2.001008632422619227e-01
1.049555495937001259e-01
8.422865668069241807e-02
3.102596778500329999e-01
4.719819681003914469e-02
8.084510012510640053e-02
1.246391965131739832e-01
1.631769548534667269e-02
6.640694332946965595e-02
7.192723437883420667e-02
7.120354902503665817e-02
5.178992810781034295e-02
9.870563905325350218e-01
3.240130939245482455e-01
7.318238448444741584e-02
4.426263607713348813e-01
6.465879941455090485e-01
1.292550803278838881e-02
9.394638395464470493e-02
3.312886414913625982e-02
7.136071208313365943e-02
6.922929225665243047e-01
4.688254212632821799e-02
1.104240174667920835e-02
2.052511554876695343e-01
3.178889954700611642e-01
8.493096440400930980e-02
3.350839771810489205e-03
5.007529782026607507e-02
1.945412985405459982e-01
1.348843166224649448e-01
1.277380103650364029e+00
7.600301233860719263e-03
1.558323099029809353e-02
6.865089099792441585e-02
1.294761242461112301e-02
4.432263083072145171e-03
2.470409132184449297e-02
3.225937378238002418e-01
8.758187115255867961e-02
2.618231290490280819e-02
1.797809084340909122e-02
1.051161754842296417e-02
3.127799562608199468e-02
4.056469481431065199e-02
1.589096670100466346e-02
2.889290298418724715e-02
2.078710446282505675e-02
9.048780165172470857e-02
1.950563012134122476e-02
4.974798277152711612e-02
1.462757326815549985e-01
1.020900255556376757e-01
1.445596001228885152e-01
5.853988058207623690e-02
6.931377517299902417e-03
1.357761223763785496e+00
1.886663608565930739e+00
1.295469211967790857e+00
1.409153968215729247e+00
1.146385779478013678e+00
1.305435201852874760e+00
9.537102877319709737e-01
1.865131594487535516e+00
3.921495096626053667e-01
6.253604724199192111e-01
6.978600108111943090e-01
1.135884535638899795e+00
5.476610063500664261e-01
7.207694036418822447e-01
1.618148890950173779e+00
6.667051633797409504e-01
6.991168285632117785e-01
1.124998869265924517e+00
6.596590222039472318e-01
9.588787848081137266e-01
1.291929610342083423e+00
1.525416158539377509e+00
1.580246760696290886e+00
7.357851902671816990e-01
9.821908897024308471e-01
6.957678456796481115e-01
1.741887010722757312e+00
9.548522090393183337e-01
1.213859983193544601e+00
1.004025809029477134e+00
9.754363724555549231e-01
1.202254355917911965e+00
8.275442713581587784e-01
1.001848698684099759e+00
6.852796619987779891e-01
1.006389476176608566e+00
1.059489143896678254e+00
4.904304177347101334e-01
1.553797333261101254e+00
6.286199083580898961e-01
5.103200585213274465e-01
1.637475231832789868e+00
7.737803488739845026e-01
1.033853802674393751e+00
5.953105360242100241e-01
1.102279222666041836e+00
9.036990862622880094e-01
9.184793527393264601e-01
6.332238214382948094e-01
9.094536997467768114e-01
1.094754647110599333e+00
6.544134742054920073e-01
9.426795834599231982e-01
7.989080509364081539e-01
1.070803753935848368e+00
1.279417765209094338e+00
1.443929687374091664e+00
6.358006980377062245e-01
4.102957510007598785e-01
6.821265677412459150e-01
7.226325363124604939e-01
1.022407843083826595e+00
