5.815957892835845605e-02
7.571430081258593257e-03
6.945382304341627365e-03
1.192239059351590108e-02
1.196641952956409988e-02
2.673718573288902042e-02
1.389921860253229627e-02
7.303300212223606293e-04
2.282096496234463714e-02
4.368545344079467763e-03
8.896204336085206110e-03
9.498371337550590154e-03
1.178387481307072160e-02
1.233919814232183401e-02
3.739877581897914360e-03
8.495600586287979650e-02
3.208927972384853933e-03
7.117412319187425666e-03
1.813700750532579176e-02
2.305758367372325035e-03
2.473977051805088465e-03
2.504249243008727088e-02
1.394669001431760730e-02
1.840499149039504304e-02
1.212597054461770968e-03
1.542406919730173387e-03
5.665132078503960951e-03
4.425516421706608694e-02
3.120645930006380950e-03
1.014558717009732269e-01
1.510842403268458124e-02
2.969497454251629129e-03
1.240958129666530239e-03
3.640471426712134102e-03
3.732545868668945416e-02
1.235634841930370251e-02
3.635396196737306074e-02
4.833932815474731304e-02
4.300057882850849209e-03
4.547723198918186653e-03
1.233888301826038293e-02
5.045321459702162802e-03
1.972614501079962383e-03
1.889118069106711026e-02
1.201626497512154473e-02
1.928973699796817168e-02
3.087313891193908984e-03
1.048895409312462605e-03
8.446747130388674793e-03
2.024995658357322814e-01
1.079683261545915166e-02
2.133269333676036245e-02
5.024804190857711482e-03
2.177305706307973085e-02
1.184248494876816334e-02
1.388140435363173194e-03
1.285485129669013994e-02
9.635365382647333860e-03
1.795159537491244559e-02
1.013100027130641942e-02
5.091183136450805509e-03
3.717282824528242262e-03
7.516163869568050129e-04
2.218407789998103619e-01
1.310502342553233335e-01
1.067343577303397906e-01
1.010355109678224977e-01
1.287942649366696501e-01
1.227343933569057383e-01
2.552189990237972439e-01
3.849958004241065268e-01
2.059305955097606722e-01
1.994659687356706845e-01
1.551563495628309197e-01
2.129081031376444111e-01
9.938306728512030785e-02
1.530792107486096676e-01
1.260313290002746112e-01
1.660519141266665333e-01
6.795518458894650449e-02
1.558318946480987399e-01
3.934365276913067144e-01
2.085060927866543012e-01
1.726981713865377022e-01
1.043835335831029276e-01
9.383874562304281297e-02
1.165545078171807969e-01
1.854671381329622559e-01
2.777904411749632652e-01
1.661350630256790140e-01
1.083307359885607030e-01
1.590917133862213284e-01
1.253322258621605845e-01
1.709884095258024927e-01
1.370643876483061963e-01
2.408761573044755910e-01
1.992478192240725587e-01
1.059325519207232891e-01
1.896883827344771345e-01
2.314326670107309247e-01
2.947384712335200940e-01
1.600580962529936369e-01
1.439281193904341782e-01
2.281110615113248474e-01
7.448436457329421501e-02
1.452185810896808316e-01
1.537670638760779140e-01
2.029727723778619042e-01
1.210048400606795888e-01
9.220104680574350842e-02
2.246540684007894972e-01
8.457896476839543709e-02
1.892578554507823030e-01
9.609428571150183118e-02
7.509413055918719160e-02
2.145629817130423611e-01
2.674557092699175187e-01
1.221539741523677142e-01
2.150458919658521650e-01
1.570445022936003965e-01
1.387554064631809081e-01
1.393291622516141248e-01
1.133545046044198285e-01
1.860315132055183340e-01
2.775856451194053665e-01
5.351724531821434178e-02
