9.700074516702075655e+00
7.160720867982144355e+00
1.175729267704362968e+01
7.317018636636409390e+00
1.760829942482276778e+01
6.243743187474645850e+00
7.647911916692955003e+00
8.115729180101750373e+00
8.753119348182879733e+00
6.353208248594597762e+00
5.439798179441581283e+00
6.746651769373881891e+00
8.243862736596636154e+00
9.515912651501311714e+00
9.070153784699671817e+00
9.597318639731355461e+00
8.700442101217243263e+00
1.246817818005086842e+01
9.111597012295296949e+00
9.516706726296117580e+00
7.470682481778855966e+00
1.112797840800121030e+01
8.383561654424665832e+00
6.989668093532602100e+00
6.067842780048939844e+00
5.830368438214173388e+00
1.479381376332206344e+01
6.123165863180378032e+00
1.411081482481749383e+01
5.408606792423596765e+00
9.769465035565133348e+00
7.962165062677160954e+00
7.638561207817910592e+00
1.116039615077470160e+01
1.040671347942115865e+01
1.257751858399806011e+01
8.413197500068475776e+00
6.821701984861196166e+00
1.024068826269012966e+01
5.735919462802158364e+00
4.689738908531292161e+00
1.254223295063231980e+01
6.623363091431299310e+00
8.745816194058290804e+00
1.508911205289629898e+01
1.030710115291389251e+01
1.007629703318747083e+01
7.439704069827407729e+00
8.166682017139290650e+00
1.191339650804841099e+01
7.635142447591356962e+00
9.094260294837070546e+00
9.998322034989925555e+00
6.386363164107526025e+00
1.352154155197700547e+01
7.666982109638380116e+00
6.857875938797008075e+00
1.022110147949235071e+01
9.576728963516112358e+00
9.912261193310039076e+00
7.277885450780440912e+00
7.945996621311445907e+00
1.395833645473991957e+01
6.581822636962924911e+00
1.623712415612625648e+01
6.479835317454543109e+00
8.435762423483691208e+00
5.681193225736175023e+00
1.308585673188885856e+01
8.394881462725802379e+00
5.729775136203422825e+00
1.417319169281475588e+01
7.922168370536541993e+00
1.042834782995405440e+01
1.309038049904271261e+01
1.371262019411623356e+01
5.911324893930490987e+00
1.220277709654693865e+01
7.029192816085221729e+00
7.017559735355216155e+00
1.089309720713420759e+01
1.105948428881060330e+01
1.493040236821524580e+01
4.911001311994015239e+00
4.903973467749932702e+00
7.909852734983835454e+00
1.986138812909605988e+01
4.037414527882621229e+00
1.574372741286120991e+01
9.183725909876820026e+00
6.070784248855705556e+00
7.016863517338933320e+00
7.702180868166561112e+00
5.919711980484234637e+00
1.500166768268701034e+01
7.357462318185766570e+00
9.161776149782198786e+00
9.063635189666946701e+00
8.828266676111246269e+00
1.539451627435800241e+01
9.939704877697646879e+00
1.771315890566726736e+01
1.105542300101729225e+01
1.215356165852342052e+01
9.245761744375254665e+00
4.309263629701979070e+00
8.840259234472361172e+00
6.846076765183374491e+00
8.594644464997795552e+00
1.027078999493345712e+01
7.998930808282946892e+00
1.007697955296279346e+01
6.303582940077711250e+00
9.912526468447364181e+00
1.330032487305741107e+01
1.760613212254941473e+01
1.372384396404540396e+01
1.204800634626926303e+01
7.761758967521421582e+00
9.857881916899410513e+00
9.153376486715131932e+00
1.106116350903188739e+01
6.018704056824568660e+00
8.905180128101791937e+00
6.144148290394763734e+00
1.290370815523933956e+01
1.239962975365434161e+01
1.365905074056775881e+01
9.134787969270051988e+00
7.485056776092263497e+00
5.134690104659299870e+00
6.234145471726050047e+00
6.012178964611075038e+00
1.483364584250613838e+01
9.506517416979441748e+00
1.275470234964699401e+01
1.680278872055733075e+01
7.102508313172779530e+00
1.025681295075353994e+01
1.213324415070558615e+01
1.348113366891184661e+01
1.039460850968674066e+01
1.453031182676445177e+01
1.052570644536157474e+01
1.769482880375501566e+01
9.421667639549191620e+00
1.530916666872322018e+01
1.213284787139351906e+01
5.416707835947573990e+00
8.872188933719959536e+00
8.416743415084175339e+00
9.026378662893060678e+00
1.506938732621449795e+01
1.249664340105942273e+01
1.201291887235574940e+01
6.844545247279431699e+00
7.606599650510380783e+00
7.980217316122753424e+00
4.942999102941411316e+00
5.308086237944635855e+00
4.712505924895938669e+00
9.164302412889458793e+00
9.051761735187605851e+00
8.141497526050423872e+00
7.421164849139302966e+00
1.147933340827636428e+01
1.475400055723823556e+01
7.802856334192536991e+00
1.118315571902496863e+01
1.078774476454792897e+01
1.537326288410266883e+01
1.001691640134879613e+01
5.331817000051162658e+00
1.149784645697705976e+01
1.585279092606102225e+01
5.948740242139906265e+00
1.659791498135872345e+01
1.283525032164371993e+01
6.146616887273654406e+00
9.224225782171160404e+00
1.491849409633680246e+01
1.397965042914354328e+01
1.026573261288786298e+01
6.655464258230959551e+00
9.984761981773566220e+00
8.798654414065140372e+00
9.074666330068501097e+00
8.457667820275217352e+00
7.899255226578782541e+00
5.375185369056920237e+00
1.030068401708813575e+01
1.367488032494595096e+01
6.885688744618199131e+00
5.891955629979200637e+00
6.602443267856414444e+00
6.957046583719295185e+00
1.234364817314341067e+01
1.143406149646190961e+01
1.137510634607353843e+01
1.283640821614296712e+01
5.647864017079761823e+00
4.335126960165275989e+00
5.718431420995282899e+00
8.874981812603085274e+00
9.028363162926673624e+00
6.830237708515290329e+00
9.974562812820611413e+00
7.052010759857742173e+00
7.625705496533857541e+00
6.808537593971236923e+00
1.034727171146179181e+01
5.829391401812357820e+00
6.850780268644670379e+00
7.776690196680056566e+00
4.991423360172904111e+00
8.995719243655459607e+00
4.974928049402635999e+00
8.448906773738249498e+00
5.232302442805102594e+00
6.650032394108880140e+00
9.244591425779166372e+00
1.418103888963229409e+01
1.224996644188750672e+01
8.444628053517348576e+00
7.542412651343085805e+00
1.109088535478502280e+01
1.149018606536299636e+01
8.287719522865012678e+00
6.309269931685631327e+00
1.095952661910401993e+01
8.715670166640327565e+00
6.481221174965858367e+00
1.121296428397789668e+01
1.188263322271389555e+01
5.690660432323747742e+00
8.548834568773981957e+00
6.028309164840145229e+00
1.101529815741603180e+01
1.009497102136691460e+01
1.890449985131295207e+01
9.387438987011480052e+00
6.425679911685642232e+00
9.817694080026688752e+00
8.855319559887512071e+00
1.087543310331941093e+01
1.110994793850119144e+01
9.037455650808080776e+00
6.754419165144302184e+00
1.191396145890342595e+01
9.627800580090978499e+00
