1.850170522016164609e-01
1.220966015558455076e-01
1.208032869030384732e-01
1.228609299819437006e-01
9.455310153359435255e-01
9.166731709144415596e-01
3.093922644526005961e-01
9.365080127556955902e-03
2.275770407643029902e-01
1.893335860756953370e-01
1.697612606625120146e-01
1.204257079400051084e-01
8.265447361326848652e-01
9.180140253648426396e-02
8.516316878762127951e-01
3.988085995956654889e-02
2.916537060616102295e-01
1.510651419392396722e-01
2.709042658514070889e-01
6.274413985047601339e-02
1.450979250247434182e-01
2.209857476950412292e-01
1.217467768472510203e-01
4.458725834505557900e-02
2.213340298962655772e-01
2.223335996275818682e-01
3.786117443295833884e-01
9.806817670644499274e-02
9.845849400200695767e-02
1.150701092629981825e-01
4.122658331042183266e-01
5.835687682384249619e-01
7.014673373518788557e-02
1.849400833938229516e-01
7.391741784907233936e-02
2.900861851617672627e-01
3.640447845401789118e-01
2.808598940612018757e-01
1.038896444680889181e-01
1.819168968370443035e-02
2.285492459784645713e-01
6.810847230404548647e-02
2.029060082147356447e-01
3.156285979121302154e-01
8.911431626990398702e-02
2.237266500419604343e-01
2.562277629515837263e-01
3.696619733895716020e-02
1.410629584495108335e-01
1.568586672332183685e-01
9.317773299901368489e-01
7.358783820282828181e-01
7.833226323473504449e-01
8.592592150549969165e-01
5.865987505731075080e-01
8.450985832924025054e-01
9.096455048709456426e-01
6.675494570265422256e-01
6.507418729803675639e-01
9.565881488180263403e-01
8.961937139619194914e-01
4.227155997835362888e-01
9.773293109200114070e-01
6.752934075684495774e-01
5.099035358405102913e-01
9.794585902746739681e-01
9.524449658921140260e-01
8.125831842288757656e-01
9.021726119351546336e-01
4.217084631085912805e-01
6.252312491909662873e-01
4.783972875102595057e-01
3.509742481582298068e-01
9.847884503766299868e-01
2.575342329935949026e-01
8.466208383213716937e-01
8.244573676432881415e-01
7.249089021547743261e-01
8.391672539116341867e-02
7.632497609993966758e-01
7.534874013456649422e-01
8.903230931387067226e-01
8.931118493536948089e-01
9.624847471976695212e-01
7.666048744098706846e-01
9.547839142597870365e-01
9.955912043399536282e-01
4.095886072423161051e-01
9.809305004599500055e-01
8.975661058982452589e-01
7.353267821969768914e-01
4.907204635597525177e-01
5.643969649873952221e-01
8.609721872508246943e-01
2.190769256223890349e-01
9.477301822326226199e-01
8.910517765454319949e-01
6.731971562208445281e-01
8.274072658140277925e-01
9.787967013232620195e-01
