8.397732659764446661e-02
4.127522808804073851e-01
2.118260774904741905e-01
6.140058988004200302e-02
4.316403863485835379e-01
1.892835407323208985e-01
9.996470301281535908e-01
1.700403871986872206e-01
4.512150000330596156e-02
3.194693250556532860e-01
8.113631542233634697e-01
6.281529541621189150e-02
2.777342839967588128e-01
1.717541483966820992e-01
9.388467784250683623e-01
6.149710932110887679e-02
2.134458689298429357e-01
3.052426103933018053e-01
7.764481404084632166e-01
1.797434810567338781e-01
2.535302120367233236e-01
4.594121688045036539e-02
1.908072969833472521e-01
3.624296867330583649e-01
1.159060250319136759e-01
3.032087736725336269e-01
4.170895665936964480e-01
3.638187250483999186e-02
3.274380795407677569e-02
1.249654869097033966e-01
4.879362592579715441e-02
8.183207227304968578e-02
4.170905661354189220e-02
2.281373291671766057e-01
7.361803458803797273e-01
3.598845314842025744e-01
7.440085614190793117e-02
4.661163098458898091e-01
1.009770027070678866e-01
4.906385223289593672e-02
2.394527380895904445e-01
4.266497074230614084e-01
7.964680378250622861e-02
9.598313606367356310e-02
9.144032956891617880e-01
4.385158603830760504e-02
1.643984804260306687e-01
8.683001754262477390e-02
7.184504087452554810e-02
2.407308449208021839e-01
9.997968691197096636e-01
1.932514261979657866e-01
9.996726702117424423e-01
3.894823637539676087e-01
8.518320502569675101e-01
8.967947087393187688e-01
7.202756408999265725e-01
6.053569708276284045e-01
6.427801955063374706e-01
9.497244907686910320e-01
8.275626571192395975e-01
8.430882391210197113e-01
1.820561213634425413e-01
8.807146794885104546e-01
9.644542718390083369e-01
6.513899827630529327e-01
8.289022297295086661e-01
9.986066233965648076e-01
3.793591674713352457e-01
9.482453430868191813e-01
9.774188088325562740e-01
3.118276272969341401e-01
6.300688661837183790e-01
4.262070924111581727e-01
8.020746923071820911e-01
9.912817925474445291e-01
7.101918712835144643e-01
4.702069981957624489e-01
9.820075306658501146e-01
2.498894744873857154e-01
1.602821908684811392e-01
9.998600489036582051e-01
9.681644876450844484e-01
9.343294747009723844e-01
5.085315130926136851e-01
8.779892823627988285e-01
8.046619275260036286e-01
6.497958578028449894e-01
7.524975493704250118e-01
9.999454342640632376e-01
2.342972255723126118e-01
7.147101587886887097e-01
6.953293102453881325e-01
8.041787309560063379e-01
8.353910019172615664e-01
5.220526110016682209e-01
5.029646318838182362e-01
7.232855842006186142e-01
9.979433713224207247e-01
4.142590217038851774e-01
